chr	pos	ref	minus2	minus1	minus0	plus1	plus2	plus3	gene	zone	looplen	looppos	bulgepos	nbp	ngc	mmp	ss	ssbin	relrate_exp	model_idx	wgs_apo10_ct	wgs_apo10_pct	wxs_apo10_ct	wxs_apo10_pct	max_apo10_pct	max_apo10_ct	known_driver
3	178936091	3	3	2	4	1	3	4	PIK3CA	3	11	3	3	7	4	0	9	6	2.568157e+00	8947	31	4.177898e+00	174	6.468401e+00	6.468401e+00	174	1
12	25398284	2	2	2	1	2	1	3	KRAS	3	5	3	0	2	2	0	6	3	4.130942e-02	1756	36	4.851752e+00	57	2.118959e+00	4.851752e+00	57	1
3	178936082	3	4	4	4	1	3	1	PIK3CA	3	11	12	3	7	4	0	9	6	1.808755e+00	10122	21	2.830189e+00	111	4.126394e+00	4.126394e+00	111	1
6	142706206	3	3	4	4	1	4	1	ADGRG6	1	4	4	0	10	3	0	16	13	1.309030e+01	1247	28	3.773585e+00	0	0	3.773585e+00	28	0
10	115511590	3	3	4	4	1	1	4	PLEKHS1	2	4	4	0	10	2	0	14	11	1.006849e+01	1247	25	3.369272e+00	0	0	3.369272e+00	25	0
10	115511593	2	3	1	1	1	1	4	PLEKHS1	2	4	4	0	10	2	0	14	11	6.762171e+00	1157	23	3.099730e+00	0	0	3.099730e+00	23	0
5	1295228	3	2	2	2	4	2	2	TERT	2	10	7	0	5	5	0	15	12	6.829069e-02	7886	17	2.291105e+00	0	0	2.291105e+00	17	1
17	7578406	2	2	1	3	3	2	2	TP53	3	3	3	0	4	4	4	7	4	2.715604e-01	419	17	2.291105e+00	47	1.747212e+00	2.291105e+00	47	1
17	7577120	2	1	2	1	3	2	1	TP53	3	8	8	0	2	2	0	6	3	5.242619e-02	5381	16	2.156334e+00	38	1.412639e+00	2.156334e+00	38	1
10	96162370	3	2	1	4	4	3	3	TBC1D12	3	7	3	7	10	8	8	19	16	1.044146e+00	3675	9	1.212938e+00	56	2.081784e+00	2.081784e+00	56	0
6	142706209	2	3	1	1	1	4	1	ADGRG6	1	4	4	0	10	3	0	16	13	6.762171e+00	1157	14	1.886792e+00	0	0	1.886792e+00	14	0
17	7577538	2	2	4	2	3	3	4	TP53	3	11	4	0	3	3	0	9	6	6.932151e-02	9011	8	1.078167e+00	42	1.561338e+00	1.561338e+00	42	1
10	96162368	2	2	2	2	1	3	1	TBC1D12	3	7	3	-7	10	8	8	19	16	5.690632e-02	3636	4	5.390836e-01	41	1.524164e+00	1.524164e+00	41	0
1	206859376	2	2	2	4	3	2	3	MAPKAPK2	1	7	6	2	7	6	6	12	9	1.374828e+00	4074	11	1.482480e+00	0	0	1.482480e+00	11	0
5	178683874	3	2	2	4	3	2	2	ADAMTS2	1	3	3	0	8	7	8	21	18	1.277157e+02	449	11	1.482480e+00	0	0	1.482480e+00	11	0
2	209113112	2	4	3	1	3	1	2	IDH1	3	9	6	0	2	1	0	4	1	3.387418e-02	6381	0	0	39	1.449814e+00	1.449814e+00	39	1
9	87349818	3	2	2	4	4	3	1	NTRK2	1	8	3	0	9	6	0	21	18	2.044076e+00	4825	10	1.347709e+00	0	0	1.347709e+00	10	0
17	7577539	3	1	1	2	3	3	1	TP53	3	11	7	0	3	3	0	9	6	5.995295e-02	9386	10	1.347709e+00	21	7.806691e-01	1.347709e+00	21	1
4	1803568	2	3	2	4	2	2	2	FGFR3	3	5	3	0	4	4	4	7	4	6.795644e-01	1823	5	6.738544e-01	36	1.338290e+00	1.338290e+00	36	1
7	11273343	2	3	4	4	1	3	4		0	4	4	0	11	2	0	15	12	1.309030e+01	1247	9	1.212938e+00	0	0	1.212938e+00	9	0
14	105246551	2	1	2	4	2	2	2	AKT1	3	6	3	0	4	1	0	6	3	6.485173e-01	2698	9	1.212938e+00	14	5.204461e-01	1.212938e+00	14	1
17	7577121	3	3	4	3	3	4	3	TP53	3	8	0	0	2	2	0	6	3	NaN	4391	8	1.078167e+00	31	1.152416e+00	1.152416e+00	31	1
17	37868208	2	3	1	4	2	4	3	ERBB2	3	8	3	0	7	6	4	14	11	1.226527e+00	4771	1	1.347709e-01	31	1.152416e+00	1.152416e+00	31	1
8	29952919	3	2	3	1	3	2	1	LEPROTL1	2	3	3	2	11	8	0	21	18	4.871842e+00	381	8	1.078167e+00	0	0	1.078167e+00	8	0
9	66264072	3	2	3	4	1	1	4		0	6	4	0	3	1	0	5	2	8.568655e-01	2847	8	1.078167e+00	0	0	1.078167e+00	8	0
9	69614175	2	2	2	1	1	1	3		0	5	2	2	5	4	0	7	4	3.851989e-02	1631	8	1.078167e+00	0	0	1.078167e+00	8	0
10	82156892	2	3	1	1	1	3	3		0	4	4	0	11	5	0	21	18	6.762171e+00	1157	8	1.078167e+00	0	0	1.078167e+00	8	0
11	9482683	2	2	2	4	1	3	2	ZNF143	2	7	4	8	12	12	10	29	20	3.004263e+00	3822	8	1.078167e+00	0	0	1.078167e+00	8	0
14	69134626	3	3	1	4	4	3	2	RAD51B	1	6	5	0	13	7	10	26	20	1.367864e+00	2925	8	1.078167e+00	0	0	1.078167e+00	8	0
14	69134629	2	3	1	4	1	3	2	RAD51B	1	6	5	0	13	7	10	26	20	2.646729e+00	2922	8	1.078167e+00	0	0	1.078167e+00	8	0
17	44396571	3	2	2	1	1	1	4	ARL17B	1	4	5	0	4	1	0	6	3	3.324895e-02	1307	8	1.078167e+00	0	0	1.078167e+00	8	0
18	42769999	3	3	4	4	1	3	3	SLC14A2	2	4	4	0	10	6	6	21	18	1.309030e+01	1247	8	1.078167e+00	0	0	1.078167e+00	8	0
12	25398285	2	2	1	2	1	3	2	KRAS	3	5	4	0	2	2	0	6	3	7.489473e-02	1886	5	6.738544e-01	29	1.078067e+00	1.078067e+00	29	1
17	7577099	2	4	2	4	4	2	2	TP53	3	8	2	0	6	5	4	11	8	1.678028e+00	4700	2	2.695418e-01	29	1.078067e+00	1.078067e+00	29	1
17	7577085	2	2	2	4	4	3	4	TP53	3	10	2	0	2	2	0	6	3	1.896537e+00	7325	4	5.390836e-01	26	9.665428e-01	9.665428e-01	26	1
1	6663216	2	2	2	4	3	2	2		0	3	3	0	6	6	6	17	14	4.968517e+01	449	7	9.433962e-01	0	0	9.433962e-01	7	0
1	212898359	2	3	1	3	3	4	2		0	3	1	0	5	4	5	10	7	4.268264e-02	141	7	9.433962e-01	0	0	9.433962e-01	7	0
2	71204529	3	1	3	4	4	2	2		0	3	3	0	11	7	11	24	20	6.596133e+01	475	7	9.433962e-01	0	0	9.433962e-01	7	0
7	11273340	3	3	1	1	1	3	4		0	4	4	0	11	2	0	15	12	6.762171e+00	1157	7	9.433962e-01	0	0	9.433962e-01	7	0
7	76104451	3	1	2	3	3	3	2	DTX2	2	6	4	0	2	1	0	4	1	4.201137e-02	2766	7	9.433962e-01	0	0	9.433962e-01	7	0
8	7924832	2	2	2	4	4	2	4		0	11	12	2	7	5	5	8	5	2.003062e+00	10075	7	9.433962e-01	0	0	9.433962e-01	7	0
16	30077131	2	4	2	4	3	3	1	ALDOA	2	4	4	-7	11	9	0	23	20	1.220291e+01	1199	7	9.433962e-01	6	2.230483e-01	9.433962e-01	7	0
16	30922892	2	4	2	4	1	2	4		0	3	3	0	10	7	0	24	20	1.293712e+02	447	7	9.433962e-01	0	0	9.433962e-01	7	0
17	7578212	3	4	4	4	3	1	2	TP53	3	9	4	0	5	2	0	9	6	1.102781e+00	6146	7	9.433962e-01	15	5.576208e-01	9.433962e-01	15	1
23	122723286	3	3	1	4	2	2	1		0	6	5	0	9	6	0	21	18	3.864336e-01	2923	7	9.433962e-01	0	0	9.433962e-01	7	0
23	134903926	2	1	1	4	4	2	2		0	8	1	0	2	0	0	2	1	8.224795e-01	4550	7	9.433962e-01	0	0	9.433962e-01	7	0
4	153247289	3	3	4	2	3	2	4	FBXW7	3	5	5	0	4	3	0	10	7	7.331227e-02	2011	3	4.043127e-01	25	9.293680e-01	9.293680e-01	25	1
3	192516720	3	4	1	4	1	3	3	MB21D2	3	3	3	0	9	6	0	21	18	1.650498e+01	422	2	2.695418e-01	24	8.921933e-01	8.921933e-01	24	0
9	21971120	3	1	2	2	3	1	2	CDKN2A	3	7	2	0	3	2	0	7	4	4.756608e-02	3511	4	5.390836e-01	22	8.178439e-01	8.178439e-01	22	1
1	224079923	3	2	2	4	4	2	4		0	10	11	0	2	1	0	4	1	1.662960e+00	8450	6	8.086253e-01	0	0	8.086253e-01	6	0
2	91634212	2	1	3	1	3	3	2		0	11	9	0	4	2	0	8	5	6.182317e-02	9631	6	8.086253e-01	0	0	8.086253e-01	6	0
3	84665397	2	1	1	1	1	1	1		0	8	8	0	1	0	0	1	1	4.449322e-02	5381	6	8.086253e-01	0	0	8.086253e-01	6	0
3	178928079	3	2	4	4	4	1	1	PIK3CA	3	11	3	0	2	1	0	4	1	1.426510e+00	9000	6	8.086253e-01	16	5.947955e-01	8.086253e-01	16	1
8	29952921	2	2	3	4	3	2	3	LEPROTL1	2	3	3	-2	11	8	0	21	18	5.727074e+01	396	6	8.086253e-01	1	3.717472e-02	8.086253e-01	6	0
8	140768412	3	3	4	2	4	2	1	TRAPPC9	1	7	6	0	2	1	0	4	1	6.106894e-02	4011	6	8.086253e-01	0	0	8.086253e-01	6	0
8	140768420	3	3	1	2	4	3	2	TRAPPC9	1	5	1	0	3	2	0	7	4	5.715301e-02	1511	6	8.086253e-01	0	0	8.086253e-01	6	0
9	42871665	3	3	2	2	1	1	3		0	10	11	0	5	3	5	8	5	1.093394e-01	8437	6	8.086253e-01	0	0	8.086253e-01	6	0
10	123358162	3	2	1	4	3	2	3		0	3	3	0	7	7	0	21	18	1.746154e+02	424	6	8.086253e-01	0	0	8.086253e-01	6	0
23	83966025	3	4	2	1	3	1	1		0	9	5	0	3	1	0	5	2	4.329887e-02	6256	6	8.086253e-01	0	0	8.086253e-01	6	0
17	7577548	2	4	3	2	3	2	2	TP53	3	7	1	0	7	4	4	10	7	5.297372e-02	3386	4	5.390836e-01	20	7.434944e-01	7.434944e-01	20	1
17	7577559	3	3	4	4	2	4	3	TP53	3	3	3	0	3	2	0	7	4	1.452353e+00	498	5	6.738544e-01	20	7.434944e-01	7.434944e-01	20	1
2	178098960	2	3	1	4	4	1	4	NFE2L2	3	4	1	0	6	2	0	10	7	9.281208e-01	800	2	2.695418e-01	19	7.063197e-01	7.063197e-01	19	1
3	178938934	3	4	4	4	1	4	2	PIK3CA	3	3	4	0	2	1	0	4	1	1.497085e+00	622	2	2.695418e-01	19	7.063197e-01	7.063197e-01	19	1
3	184870595	3	2	2	4	3	2	2	C3orf70	3	3	3	0	6	6	5	15	12	2.714439e+01	449	3	4.043127e-01	19	7.063197e-01	7.063197e-01	19	0
17	7577094	3	3	1	2	3	3	2	TP53	3	10	0	0	2	2	0	6	3	4.182218e-02	7011	5	6.738544e-01	19	7.063197e-01	7.063197e-01	19	1
17	7578457	2	3	2	3	3	3	1	TP53	3	4	0	0	3	3	0	9	6	4.785828e-02	641	0	0	19	7.063197e-01	7.063197e-01	19	1
1	1051653	3	2	4	4	3	2	3		0	3	3	0	7	7	7	20	17	1.431281e+01	499	5	6.738544e-01	0	0	6.738544e-01	5	0
1	159620841	3	2	2	4	4	3	2		0	4	3	0	8	6	0	20	17	7.795202e+00	1075	5	6.738544e-01	0	0	6.738544e-01	5	0
1	161595801	3	3	1	4	1	2	2	FCGR3B	1	4	4	0	9	6	0	21	18	7.412727e+00	1172	5	6.738544e-01	0	0	6.738544e-01	5	0
3	7830502	2	2	2	2	2	1	2		0	9	0	0	1	1	0	3	1	5.817717e-02	5636	5	6.738544e-01	0	0	6.738544e-01	5	0
3	138910364	3	2	4	1	1	1	4		0	6	3	0	2	1	0	4	1	3.974313e-02	2631	5	6.738544e-01	0	0	6.738544e-01	5	0
4	54410342	3	4	2	4	1	3	3	LNX1	1	3	3	0	8	4	8	15	12	1.349452e+01	447	5	6.738544e-01	0	0	6.738544e-01	5	0
5	140098570	3	4	2	4	3	1	1		0	8	3	0	4	3	0	10	7	1.621660e+00	4824	5	6.738544e-01	0	0	6.738544e-01	5	0
6	121101145	3	3	2	4	2	2	1		0	3	3	0	9	6	0	21	18	5.608081e+01	448	5	6.738544e-01	0	0	6.738544e-01	5	0
7	17658895	3	3	1	1	1	4	4		0	4	4	0	9	3	9	14	11	6.762171e+00	1157	5	6.738544e-01	0	0	6.738544e-01	5	0
7	144111140	2	3	4	4	2	2	4		0	3	3	-2	12	6	0	18	15	9.742946e+00	498	5	6.738544e-01	0	0	6.738544e-01	5	0
7	157981080	2	3	2	2	2	3	2	PTPRN2	1	7	6	3	7	6	7	12	9	7.596885e-02	4011	5	6.738544e-01	0	0	6.738544e-01	5	0
8	15428457	2	4	3	2	4	1	4	TUSC3	1	5	0	0	1	1	0	3	1	6.858718e-02	1386	5	6.738544e-01	0	0	6.738544e-01	5	0
9	70116542	2	1	1	1	1	3	1		0	3	0	0	1	1	0	3	1	3.149060e-02	32	5	6.738544e-01	0	0	6.738544e-01	5	0
9	87349816	2	4	4	4	1	3	1	NTRK2	1	8	4	0	9	6	0	21	18	1.736386e+00	4997	5	6.738544e-01	0	0	6.738544e-01	5	0
9	112281265	3	1	3	4	4	4	2		0	3	3	0	9	5	0	19	16	1.846622e+01	475	5	6.738544e-01	0	0	6.738544e-01	5	0
10	11835070	3	1	3	1	4	2	2		0	3	3	0	11	7	11	24	20	9.293128e+00	381	5	6.738544e-01	0	0	6.738544e-01	5	0
10	55958474	3	2	1	4	2	2	3	PCDH15	1	5	3	0	2	2	0	6	3	4.468808e-01	1798	5	6.738544e-01	0	0	6.738544e-01	5	0
12	133464357	2	2	4	4	3	4	2		0	3	3	0	8	6	0	20	17	1.431281e+01	499	5	6.738544e-01	0	0	6.738544e-01	5	0
15	96590696	2	3	4	4	1	3	4		0	4	4	0	11	3	0	17	14	1.309030e+01	1247	5	6.738544e-01	0	0	6.738544e-01	5	0
15	102299916	2	1	3	3	3	4	2		0	4	0	0	2	2	0	6	3	4.785828e-02	641	5	6.738544e-01	0	0	6.738544e-01	5	0
16	22308392	2	2	2	4	3	2	1		0	9	10	0	3	3	0	9	6	1.412375e+00	6896	5	6.738544e-01	0	0	6.738544e-01	5	0
17	7576855	3	2	4	4	1	3	3	TP53	3	5	4	0	3	2	0	7	4	2.403680e+00	1997	5	6.738544e-01	13	4.832714e-01	6.738544e-01	13	1
17	7577568	2	4	4	1	1	2	1	TP53	3	11	5	0	4	1	0	6	3	5.091914e-02	9131	5	6.738544e-01	8	2.973978e-01	6.738544e-01	8	1
17	7578263	3	1	4	2	3	1	3	TP53	3	4	0	0	3	2	0	7	4	6.397577e-02	636	5	6.738544e-01	17	6.319703e-01	6.738544e-01	17	1
17	46797617	2	2	4	4	3	2	2		0	3	3	0	7	6	0	19	16	1.431281e+01	499	5	6.738544e-01	0	0	6.738544e-01	5	0
17	79108517	2	2	4	4	3	2	2	AATK	1	3	3	0	8	7	8	21	18	1.431281e+01	499	5	6.738544e-01	0	0	6.738544e-01	5	0
19	488639	3	2	4	4	3	2	3		0	3	3	0	6	6	6	17	14	1.431281e+01	499	5	6.738544e-01	0	0	6.738544e-01	5	0
19	45424989	3	3	2	2	3	3	2		0	9	9	0	3	3	0	9	6	8.222285e-02	6761	5	6.738544e-01	0	0	6.738544e-01	5	0
20	111101	2	3	1	1	4	3	3		0	10	4	0	4	3	0	10	7	6.495950e-02	7506	5	6.738544e-01	0	0	6.738544e-01	5	0
20	57618019	2	2	1	4	3	2	3		0	3	3	-3	10	10	0	24	20	3.337900e+02	424	5	6.738544e-01	0	0	6.738544e-01	5	0
22	16135358	3	1	3	1	3	3	1		0	3	0	0	4	2	0	8	5	1.723047e-01	84	5	6.738544e-01	0	0	6.738544e-01	5	0
23	3406487	3	1	4	3	1	4	1		0	4	5	0	3	1	0	5	2	5.156727e-02	1367	5	6.738544e-01	0	0	6.738544e-01	5	0
23	21100844	3	2	2	2	2	1	2		0	11	10	0	2	1	0	4	1	4.467197e-02	9761	5	6.738544e-01	0	0	6.738544e-01	5	0
23	54938814	3	4	4	3	4	3	3		0	7	8	0	2	1	0	4	1	6.455956e-02	4370	5	6.738544e-01	0	0	6.738544e-01	5	0
